0.988529 -0.033169
0.988529 -0.033169
0.988529 -0.033169
0.988529 -0.033169
0.988529 -0.033169
0.988529 -0.033169
0.988529 -0.033169
0.988529 -0.033169
0.988529 -0.033169
0.988529 -0.033169
0.988529 -0.033169
0.988529 -0.033169
0.988529 -0.033169
0.988529 -0.033169
0.988529 -0.033169
0.988529 -0.033169
0.988529 -0.033169
0.988529 -0.033169
0.988529 -0.033169
0.988529 -0.033169
0.988529 -0.033169
0.988529 -0.033169
1.906005 0.345235
1.906005 0.345235
1.906005 0.345235
1.906005 0.345235
1.906005 0.345235
1.906005 0.345235
1.906005 0.345235
1.906005 0.345235
1.906005 0.345235
1.906005 0.345235
1.906005 0.345235
1.906005 0.345235
1.906005 0.345235
1.906005 0.345235
1.906005 0.345235
1.906005 0.345235
1.906005 0.345235
1.906005 0.345235
1.906005 0.345235
2.825150 0.666443
2.825150 0.666443
2.825150 0.666443
2.825150 0.666443
2.825150 0.666443
2.825150 0.666443
2.825150 0.666443
2.825150 0.666443
2.825150 0.666443
2.825150 0.666443
2.825150 0.666443
2.825150 0.666443
2.825150 0.666443
2.825150 0.666443
2.825150 0.666443
2.825150 0.666443
2.825150 0.666443
2.825150 0.666443
2.825150 0.666443
3.397526 1.395384
3.397526 1.395384
3.397526 1.395384
3.397526 1.395384
3.397526 1.395384
3.397526 1.395384
3.397526 1.395384
3.397526 1.395384
3.397526 1.395384
3.397526 1.395384
3.397526 1.395384
3.397526 1.395384
3.397526 1.395384
3.397526 1.395384
3.397526 1.395384
3.397526 1.395384
3.397526 1.395384
3.393886 2.392472
3.393886 2.392472
3.393886 2.392472
3.393886 2.392472
3.393886 2.392472
3.393886 2.392472
3.393886 2.392472
3.393886 2.392472
3.393886 2.392472
3.393886 2.392472
3.393886 2.392472
3.393886 2.392472
3.393886 2.392472
3.393886 2.392472
3.393886 2.392472
3.393886 2.392472
3.393886 2.392472
3.393886 2.392472
3.393886 2.392472
3.393886 2.392472
3.635544 3.357664
3.635544 3.357664
3.635544 3.357664
3.635544 3.357664
3.635544 3.357664
3.635544 3.357664
3.635544 3.357664
3.635544 3.357664
3.635544 3.357664
3.635544 3.357664
3.635544 3.357664
3.635544 3.357664
3.635544 3.357664
3.635544 3.357664
3.635544 3.357664
3.635544 3.357664
3.635544 3.357664
3.635544 3.357664
3.999833 4.252063
3.999833 4.252063
3.999833 4.252063
3.999833 4.252063
3.999833 4.252063
3.999833 4.252063
3.999833 4.252063
3.999833 4.252063
3.999833 4.252063
3.999833 4.252063
3.999833 4.252063
3.999833 4.252063
3.999833 4.252063
3.999833 4.252063
3.999833 4.252063
3.999833 4.252063
3.999833 4.252063
3.999833 4.252063
3.999833 4.252063
4.334252 5.169936
4.334252 5.169936
4.334252 5.169936
4.334252 5.169936
4.334252 5.169936
4.334252 5.169936
4.334252 5.169936
4.334252 5.169936
4.334252 5.169936
4.334252 5.169936
4.334252 5.169936
4.334252 5.169936
4.334252 5.169936
4.334252 5.169936
4.334252 5.169936
4.334252 5.169936
4.334252 5.169936
4.334252 5.169936
4.334252 5.169936
4.870414 5.964171
4.870414 5.964171
4.870414 5.964171
4.870414 5.964171
4.870414 5.964171
4.870414 5.964171
4.870414 5.964171
4.870414 5.964171
4.870414 5.964171
4.870414 5.964171
4.870414 5.964171
4.870414 5.964171
4.870414 5.964171
4.870414 5.964171
4.870414 5.964171
4.870414 5.964171
4.870414 5.964171
4.870414 5.964171
4.870414 5.964171
5.779932 6.329487
5.779932 6.329487
5.779932 6.329487
5.779932 6.329487
5.779932 6.329487
5.779932 6.329487
5.779932 6.329487
5.779932 6.329487
5.779932 6.329487
5.779932 6.329487
5.779932 6.329487
5.779932 6.329487
5.779932 6.329487
5.779932 6.329487
5.779932 6.329487
5.779932 6.329487
5.779932 6.329487
5.779932 6.329487
5.779932 6.329487
6.713128 6.151487
6.713128 6.151487
6.713128 6.151487
6.713128 6.151487
6.713128 6.151487
6.713128 6.151487
6.713128 6.151487
6.713128 6.151487
6.713128 6.151487
6.713128 6.151487
6.713128 6.151487
6.713128 6.151487
6.713128 6.151487
6.713128 6.151487
6.713128 6.151487
6.713128 6.151487
6.713128 6.151487
7.415743 5.473009
7.415743 5.473009
7.415743 5.473009
7.415743 5.473009
7.415743 5.473009
7.415743 5.473009
7.415743 5.473009
7.415743 5.473009
7.415743 5.473009
7.415743 5.473009
7.415743 5.473009
7.415743 5.473009
7.415743 5.473009
7.415743 5.473009
7.415743 5.473009
7.415743 5.473009
7.415743 5.473009
7.415743 5.473009
7.415743 5.473009
7.415743 5.473009
7.862300 4.608854
7.862300 4.608854
7.862300 4.608854
7.862300 4.608854
7.862300 4.608854
7.862300 4.608854
7.862300 4.608854
7.862300 4.608854
7.862300 4.608854
7.862300 4.608854
7.862300 4.608854
7.862300 4.608854
7.862300 4.608854
7.862300 4.608854
7.862300 4.608854
7.862300 4.608854
7.862300 4.608854
7.862300 4.608854
7.491055 3.727162
7.491055 3.727162
7.491055 3.727162
7.491055 3.727162
7.491055 3.727162
7.491055 3.727162
7.491055 3.727162
7.491055 3.727162
7.491055 3.727162
7.491055 3.727162
7.491055 3.727162
7.491055 3.727162
7.491055 3.727162
7.491055 3.727162
7.491055 3.727162
7.491055 3.727162
7.491055 3.727162
7.491055 3.727162
7.491055 3.727162
6.758641 3.108012
6.758641 3.108012
6.758641 3.108012
6.758641 3.108012
6.758641 3.108012
6.758641 3.108012
6.758641 3.108012
6.758641 3.108012
6.758641 3.108012
6.758641 3.108012
6.758641 3.108012
6.758641 3.108012
6.758641 3.108012
6.758641 3.108012
6.758641 3.108012
6.758641 3.108012
6.758641 3.108012
6.758641 3.108012
6.758641 3.108012
5.803053 3.026589
5.803053 3.026589
5.803053 3.026589
5.803053 3.026589
5.803053 3.026589
5.803053 3.026589
5.803053 3.026589
5.803053 3.026589
5.803053 3.026589
5.803053 3.026589
5.803053 3.026589
5.803053 3.026589
5.803053 3.026589
5.803053 3.026589
5.803053 3.026589
5.803053 3.026589
5.803053 3.026589
5.803053 3.026589
4.894802 3.428531
4.894802 3.428531
4.894802 3.428531
4.894802 3.428531
4.894802 3.428531
4.894802 3.428531
4.894802 3.428531
4.894802 3.428531
4.894802 3.428531
4.894802 3.428531
4.894802 3.428531
4.894802 3.428531
4.894802 3.428531
4.894802 3.428531
4.894802 3.428531
4.894802 3.428531
4.894802 3.428531
4.894802 3.428531
4.894802 3.428531
4.894802 3.428531
3.934047 3.467613
3.934047 3.467613
3.934047 3.467613
3.934047 3.467613
3.934047 3.467613
3.934047 3.467613
3.934047 3.467613
3.934047 3.467613
3.934047 3.467613
3.934047 3.467613
3.934047 3.467613
3.934047 3.467613
3.934047 3.467613
3.934047 3.467613
3.934047 3.467613
3.934047 3.467613
3.934047 3.467613
3.934047 3.467613
3.469019 2.661049
3.469019 2.661049
3.469019 2.661049
3.469019 2.661049
3.469019 2.661049
3.469019 2.661049
3.469019 2.661049
3.469019 2.661049
3.469019 2.661049
3.469019 2.661049
3.469019 2.661049
3.469019 2.661049
3.469019 2.661049
3.469019 2.661049
3.469019 2.661049
3.469019 2.661049
3.469019 2.661049
3.469019 2.661049
3.469019 2.661049
3.416034 1.684328
3.416034 1.684328
3.416034 1.684328
3.416034 1.684328
3.416034 1.684328
3.416034 1.684328
3.416034 1.684328
3.416034 1.684328
3.416034 1.684328
3.416034 1.684328
3.416034 1.684328
3.416034 1.684328
3.416034 1.684328
3.416034 1.684328
3.416034 1.684328
3.416034 1.684328
3.416034 1.684328
3.416034 1.684328
3.416034 1.684328
3.149721 0.771884
3.149721 0.771884
3.149721 0.771884
3.149721 0.771884
3.149721 0.771884
3.149721 0.771884
3.149721 0.771884
3.149721 0.771884
3.149721 0.771884
3.149721 0.771884
3.149721 0.771884
3.149721 0.771884
3.149721 0.771884
3.149721 0.771884
3.149721 0.771884
3.149721 0.771884
3.149721 0.771884
3.149721 0.771884
3.149721 0.771884
2.223938 0.483313
2.223938 0.483313
2.223938 0.483313
2.223938 0.483313
2.223938 0.483313
2.223938 0.483313
2.223938 0.483313
2.223938 0.483313
2.223938 0.483313
2.223938 0.483313
2.223938 0.483313
2.223938 0.483313
2.223938 0.483313
2.223938 0.483313
2.223938 0.483313
2.223938 0.483313
2.223938 0.483313
2.223938 0.483313
2.223938 0.483313
1.430043 0.998730
1.430043 0.998730
1.430043 0.998730
1.430043 0.998730
1.430043 0.998730
1.430043 0.998730
1.430043 0.998730
1.430043 0.998730
1.430043 0.998730
1.430043 0.998730
1.430043 0.998730
1.430043 0.998730
1.430043 0.998730
1.430043 0.998730
1.430043 0.998730
1.430043 0.998730
1.430043 0.998730
1.430043 0.998730
1.430043 0.998730
1.430043 0.998730
1.218243 1.958784
1.218243 1.958784
1.218243 1.958784
1.218243 1.958784
1.218243 1.958784
1.218243 1.958784
1.218243 1.958784
1.218243 1.958784
1.218243 1.958784
1.218243 1.958784
1.218243 1.958784
1.218243 1.958784
1.218243 1.958784
1.218243 1.958784
1.218243 1.958784
1.218243 1.958784
1.218243 1.958784
1.218243 1.958784
1.218243 1.958784
0.895737 2.829566
0.895737 2.829566
0.895737 2.829566
0.895737 2.829566
0.895737 2.829566
0.895737 2.829566
0.895737 2.829566
0.895737 2.829566
0.895737 2.829566
0.895737 2.829566
0.895737 2.829566
0.895737 2.829566
0.895737 2.829566
0.895737 2.829566
0.895737 2.829566
0.895737 2.829566
0.895737 2.829566
0.895737 2.829566
0.053326 2.549061
0.053326 2.549061
0.053326 2.549061
0.053326 2.549061
0.053326 2.549061
0.053326 2.549061
0.053326 2.549061
0.053326 2.549061
0.053326 2.549061
0.053326 2.549061
0.053326 2.549061
0.053326 2.549061
0.053326 2.549061
0.053326 2.549061
0.053326 2.549061
0.053326 2.549061
0.053326 2.549061
0.053326 2.549061
0.053326 2.549061
0.053326 2.549061
0.053326 2.549061
0.053326 2.549061
0.032777 1.580896
0.032777 1.580896
0.032777 1.580896
0.032777 1.580896
0.032777 1.580896
0.032777 1.580896
0.032777 1.580896
0.032777 1.580896
0.032777 1.580896
0.032777 1.580896
0.032777 1.580896
0.032777 1.580896
0.032777 1.580896
0.032777 1.580896
0.032777 1.580896
0.032777 1.580896
0.032777 1.580896
0.032777 1.580896
0.032777 1.580896
0.032777 1.580896
0.057736 0.585132
0.057736 0.585132
0.057736 0.585132
0.057736 0.585132
0.057736 0.585132
0.057736 0.585132
0.057736 0.585132
0.057736 0.585132
0.057736 0.585132
0.057736 0.585132
0.057736 0.585132
0.057736 0.585132
0.057736 0.585132
0.057736 0.585132
0.057736 0.585132
0.057736 0.585132
0.057736 0.585132
0.057736 0.585132
0.057736 0.585132
0.057736 0.585132
