0.062429 0.636983
0.062429 0.636983
0.062429 0.636983
0.062498 0.635553
0.063063 0.626217
0.063063 0.626217
0.064855 0.608088
0.069295 0.581369
0.075562 0.556075
0.085548 0.526767
0.106030 0.483190
0.136051 0.436803
0.136051 0.436803
0.177315 0.388152
0.212987 0.354083
0.251333 0.322133
0.304977 0.282705
0.346507 0.254929
0.388877 0.228446
0.446332 0.194689
0.489993 0.170361
0.548818 0.139026
0.593352 0.116322
0.593352 0.116322
0.653217 0.086995
0.713818 0.059143
0.775737 0.034297
0.823304 0.018698
0.888134 0.003329
0.937535 -0.003857
1.003948 -0.007712
1.053869 -0.006814
1.103637 -0.002881
1.103637 -0.002881
1.169579 0.006365
1.234874 0.019476
1.283393 0.031418
1.331465 0.045026
1.379147 0.059993
1.442069 0.081918
1.504281 0.105803
1.550480 0.124883
1.596290 0.144877
1.596290 0.144877
1.656928 0.172527
1.717483 0.200403
1.778061 0.228234
1.823557 0.248975
1.869124 0.269559
1.930001 0.296735
1.975747 0.316915
2.021565 0.336929
2.082758 0.363379
2.128723 0.383055
2.128723 0.383055
2.174741 0.402607
2.236172 0.428500
2.282295 0.447804
2.343848 0.473406
2.405460 0.498868
2.467124 0.524203
2.467124 0.524203
2.513404 0.543129
2.575049 0.568519
2.635987 0.595638
2.695342 0.626037
2.738505 0.651219
2.780480 0.678317
2.834531 0.717226
2.834531 0.717226
2.873778 0.748150
2.911911 0.780429
2.961265 0.825194
2.997201 0.859921
3.043860 0.907503
3.077935 0.944067
3.122309 0.993794
3.154835 1.031749
3.197311 1.083114
3.197311 1.083114
3.238615 1.135475
3.268134 1.175876
3.304278 1.231963
3.335530 1.290802
3.355660 1.336502
3.372946 1.383337
3.387715 1.431042
3.403872 1.495641
3.403872 1.495641
3.416525 1.561043
3.423932 1.610450
3.431537 1.676644
3.435735 1.726440
3.439705 1.792966
3.441546 1.842914
3.442562 1.892891
3.442716 1.959542
3.441637 2.026187
3.441637 2.026187
3.439384 2.092805
3.436979 2.142735
3.433436 2.209300
3.431417 2.259271
3.430714 2.325938
3.431755 2.375914
3.434097 2.425840
3.439138 2.492279
3.439138 2.492279
3.444153 2.542008
3.452357 2.608140
3.459469 2.657618
3.470131 2.723410
3.478953 2.772615
3.491693 2.838036
3.501839 2.886988
3.516066 2.952111
3.516066 2.952111
3.531042 3.017076
3.543002 3.065630
3.560145 3.130049
3.573883 3.178117
3.593315 3.241870
3.608603 3.289466
3.624463 3.336873
3.646343 3.399836
3.646343 3.399836
3.668957 3.462542
3.686323 3.509424
3.704017 3.556184
3.722009 3.602831
3.746426 3.664860
3.771235 3.726734
3.796387 3.788471
3.815443 3.834695
3.834652 3.880857
3.834652 3.880857
3.860478 3.942315
3.886407 4.003730
3.905767 4.049829
3.924971 4.095995
3.950298 4.157662
3.969088 4.203997
3.993882 4.265879
4.012307 4.312359
4.012307 4.312359
4.036670 4.374413
4.054809 4.421006
4.072845 4.467638
4.096754 4.529869
4.120524 4.592153
4.144175 4.654482
4.144175 4.654482
4.161841 4.701257
4.179454 4.748052
4.202860 4.810473
4.226188 4.872924
4.243878 4.919692
4.268755 4.981555
4.288545 5.027474
4.288545 5.027474
4.338310 5.132947
4.338310 5.132947
4.368763 5.192229
4.392473 5.236236
4.416885 5.279852
4.450253 5.337551
4.475793 5.380525
4.510406 5.437493
4.536752 5.479982
4.572317 5.536364
4.572317 5.536364
4.599287 5.578462
4.635599 5.634366
4.663087 5.676130
4.700072 5.731600
4.738034 5.786433
4.767999 5.826522
4.799850 5.865149
4.799850 5.865149
4.845502 5.913636
4.894545 5.958634
4.933343 5.990030
4.973677 6.019457
5.029489 6.055696
5.087008 6.089270
5.130997 6.112955
5.130997 6.112955
5.190533 6.142869
5.250905 6.171080
5.296647 6.191227
5.342742 6.210563
5.404697 6.235126
5.451495 6.252700
5.514354 6.274959
5.562022 6.290187
5.610312 6.303351
5.675570 6.317011
5.724974 6.324275
5.724974 6.324275
5.791276 6.330309
5.841159 6.332267
5.891111 6.332387
5.957675 6.329937
6.024096 6.324800
6.073768 6.319356
6.139771 6.310232
6.189094 6.302179
6.238286 6.293316
6.287337 6.283699
6.336260 6.273424
6.385055 6.262429
6.433566 6.250170
6.497375 6.230666
6.544252 6.213262
6.544252 6.213262
6.590123 6.193582
6.649867 6.164203
6.707932 6.131596
6.764238 6.096048
6.805413 6.067755
6.845735 6.038260
6.898422 5.997470
6.898422 5.997470
6.949986 5.955263
6.988029 5.922840
7.025549 5.889815
7.074890 5.845005
7.111415 5.810874
7.159535 5.764749
7.195202 5.729718
7.195202 5.729718
7.242229 5.682467
7.288354 5.634300
7.321768 5.597090
7.364506 5.545938
7.395155 5.506465
7.434284 5.452540
7.434284 5.452540
7.471579 5.397330
7.498538 5.355244
7.533214 5.298336
7.558362 5.255136
7.590890 5.196969
7.614721 5.153024
7.638107 5.108840
7.668702 5.049617
7.668702 5.049617
7.698675 4.990076
7.728062 4.930233
7.749375 4.884981
7.775551 4.823599
7.792564 4.776484
7.810351 4.712082
7.810351 4.712082
7.821576 4.646410
7.825744 4.596808
7.826222 4.530353
7.821306 4.464043
7.814366 4.414633
7.804906 4.365651
7.793478 4.317039
7.775744 4.252836
7.775744 4.252836
7.760789 4.205162
7.738881 4.142239
7.714905 4.080065
7.688970 4.018680
7.660878 3.958175
7.660878 3.958175
7.637695 3.913860
7.603787 3.856545
7.566654 3.801275
7.536877 3.761169
7.505580 3.722254
7.461934 3.671932
7.461934 3.671932
7.416416 3.623291
7.381272 3.587756
7.333248 3.541559
7.284049 3.496609
7.233897 3.452718
7.233897 3.452718
7.195793 3.420363
7.144431 3.377880
7.092513 3.336072
7.053234 3.305143
7.000363 3.264516
6.959975 3.234989
6.959975 3.234989
6.904367 3.198083
6.846390 3.165164
6.801485 3.143291
6.739969 3.117918
6.676970 3.096408
6.628989 3.082592
6.580533 3.070451
6.515388 3.056558
6.466231 3.047553
6.416884 3.039667
6.416884 3.039667
6.350860 3.030615
6.301211 3.024835
6.251475 3.019824
6.185055 3.014295
6.118541 3.009977
6.051911 3.007048
6.001867 3.006578
5.951887 3.008293
5.951887 3.008293
5.885531 3.014139
5.819642 3.023740
5.770596 3.033177
5.721909 3.044368
5.673619 3.057189
5.609897 3.076576
5.562511 3.092453
5.562511 3.092453
5.499867 3.115183
5.437834 3.139526
5.391660 3.158672
5.345787 3.178528
5.285031 3.205937
5.239762 3.227146
5.179777 3.256213
5.135062 3.278561
5.090438 3.301100
5.045601 3.323250
4.984839 3.350746
4.984839 3.350746
4.922788 3.375081
4.859586 3.396164
4.811553 3.409895
4.746869 3.425857
4.746869 3.425857
4.681641 3.439463
4.616012 3.451015
4.566584 3.458447
4.500471 3.466836
4.450768 3.472158
4.384378 3.478036
4.334517 3.481632
4.334517 3.481632
4.284611 3.484557
4.218019 3.487484
4.168023 3.488890
4.101317 3.488652
4.051343 3.485898
3.985141 3.477373
3.985141 3.477373
3.920220 3.461766
3.857959 3.437986
3.813708 3.414877
3.758742 3.377541
3.720604 3.345397
3.685212 3.310246
3.642096 3.259573
3.642096 3.259573
3.603269 3.205513
3.568320 3.148837
3.544569 3.104892
3.522859 3.059903
3.496985 2.998533
3.474307 2.935893
3.474307 2.935893
3.454823 2.872185
3.442307 2.823819
3.431442 2.775044
3.419411 2.709520
3.409720 2.643593
3.403853 2.593964
3.398963 2.544220
3.393794 2.477776
3.393794 2.477776
3.389907 2.411239
3.387113 2.344642
3.385679 2.294671
3.384585 2.228021
3.384382 2.161364
3.384754 2.111370
3.385555 2.061382
3.385555 2.061382
3.387234 1.994742
3.389424 1.928120
3.390753 1.878132
3.390934 1.828116
3.389015 1.761485
3.384704 1.694989
3.379967 1.645241
3.374094 1.595611
3.374094 1.595611
3.364721 1.529634
3.356671 1.480301
3.344679 1.414741
3.334804 1.365737
3.324216 1.316884
3.309122 1.251961
3.292983 1.187290
3.280255 1.138944
3.267015 1.090737
3.253296 1.042661
3.253296 1.042661
3.234215 0.978772
3.218738 0.931196
3.195208 0.868731
3.174531 0.823075
3.141772 0.764648
3.112723 0.723421
3.068876 0.673731
3.032412 0.640138
2.993297 0.609849
2.951818 0.582463
2.951818 0.582463
2.893732 0.550271
2.848584 0.529047
2.786754 0.504423
2.723441 0.483927
2.659003 0.467163
2.659003 0.467163
2.610134 0.456891
2.544438 0.445901
2.478163 0.438085
2.411451 0.434848
2.411451 0.434848
2.361422 0.436302
2.295272 0.443632
2.230089 0.456753
2.182082 0.470191
2.134876 0.486314
2.073248 0.511398
2.073248 0.511398
2.013006 0.539781
1.954147 0.570936
1.896496 0.604324
1.854033 0.630674
1.854033 0.630674
1.798381 0.667313
1.743632 0.705312
1.703156 0.734643
1.649964 0.774803
1.597763 0.816322
1.559810 0.848954
1.559810 0.848954
1.511853 0.895431
1.478632 0.932863
1.448093 0.972347
1.411588 1.027933
1.379772 1.086301
1.358706 1.131538
1.339882 1.177754
1.322953 1.224735
1.302881 1.288232
1.302881 1.288232
1.284985 1.352408
1.272765 1.400871
1.257928 1.465842
1.244650 1.531154
1.232866 1.596752
1.232866 1.596752
1.224947 1.646106
1.215187 1.712034
1.205180 1.777948
1.193938 1.843662
1.184620 1.892782
1.174549 1.941751
1.174549 1.941751
1.159998 2.006795
1.148353 2.055411
1.136116 2.103881
1.119021 2.168308
1.101129 2.232521
1.087254 2.280552
1.073013 2.328476
1.058454 2.376305
1.058454 2.376305
1.038572 2.439933
1.018194 2.503408
1.002409 2.550862
0.979487 2.613504
0.952902 2.674707
0.921161 2.733428
0.921161 2.733428
0.893209 2.774999
0.849992 2.825744
0.800516 2.870226
0.745602 2.907696
0.745602 2.907696
0.701412 2.930804
0.655132 2.949373
0.590979 2.966755
0.525082 2.975430
0.458616 2.975245
0.409107 2.969288
0.360445 2.958501
0.360445 2.958501
0.297431 2.937308
0.237315 2.908908
0.194421 2.883424
0.153672 2.854625
0.115224 2.822810
0.067915 2.775711
0.036436 2.736794
0.000716 2.680749
-0.021683 2.636181
-0.021683 2.636181
-0.045864 2.574220
-0.063747 2.510153
-0.076172 2.444763
-0.082431 2.395226
-0.087580 2.328820
-0.087580 2.328820
-0.089618 2.262234
-0.089442 2.212263
-0.087190 2.145663
-0.082754 2.079176
-0.076421 2.012834
-0.076421 2.012834
-0.070502 1.963203
-0.061240 1.897204
-0.050866 1.831370
-0.040365 1.765538
-0.032741 1.716123
-0.032741 1.716123
-0.023184 1.650144
-0.014367 1.584064
-0.006282 1.517895
-0.000658 1.468217
-0.000658 1.468217
0.006336 1.401924
0.012825 1.335578
0.018843 1.269187
0.023065 1.219368
0.028355 1.152915
0.028355 1.152915
0.033300 1.086434
0.037948 1.019932
0.041254 0.970042
0.059783 0.310434
